{
 "cells": [
  {
   "cell_type": "code",
   "execution_count": 478,
   "id": "c0e68f59-eb36-495c-b0bf-5b0bb41070b8",
   "metadata": {},
   "outputs": [],
   "source": [
    "import yfinance as yf\n",
    "import numpy as np\n",
    "import pandas as pd\n",
    "import seaborn as sns\n",
    "import matplotlib.pyplot as plt\n",
    "import plotly.graph_objs as go\n",
    "from itertools import product"
   ]
  },
  {
   "cell_type": "code",
   "execution_count": 486,
   "id": "f500101a-e745-43b4-a744-f98a40bdbe14",
   "metadata": {},
   "outputs": [],
   "source": [
    "pd.set_option('display.max_columns', None)\n",
    "#pd.set_option('display.max_rows', 30)"
   ]
  },
  {
   "cell_type": "markdown",
   "id": "8fb26595-0c8d-4b80-922d-d0a09e39c589",
   "metadata": {},
   "source": [
    "### Optimized Portfolio of Sector Indexes"
   ]
  },
  {
   "cell_type": "code",
   "execution_count": 491,
   "id": "940d007a-0ea9-42bb-9d18-48548d85b2e7",
   "metadata": {},
   "outputs": [],
   "source": [
    "symbols = ['XLC', 'XLY', 'XLP', 'XLE', 'XLF', 'XLV', 'XLI', 'XLB', 'XLRE', 'XLK', 'XLU']\n",
    "data = [\n",
    "    pd.DataFrame(yf.Ticker(symbol).history(start = '2010-01-01', end = '2024-09-18', interval = '3mo')) # get the data\n",
    "    .reset_index()[::-4].sort_values(by = 'Date')\n",
    "    for symbol in symbols\n",
    "]\n",
    "cleaned_data = [\n",
    "   df.set_index(np.arange(15 - df.shape[0], 15, 1)) for df in data \n",
    "]\n",
    "returns = [\n",
    "    df['Close'].pct_change() # get return series\n",
    "    for df in cleaned_data\n",
    "]\n",
    "means = [\n",
    "    return_.mean() # get mean return\n",
    "    for return_ in returns\n",
    "]\n",
    "stds = [\n",
    "    return_.std() # get std dev of returns\n",
    "    for return_ in returns\n",
    "]\n",
    "df_returns = pd.DataFrame(returns).loc[:, np.arange(0, 15, 1)].assign(symbol = symbols).set_index('symbol').T\n",
    "\n",
    "df = pd.DataFrame()\n",
    "df['symbol'] = symbols\n",
    "df['exp_return'] = means\n",
    "df['std_dev'] = stds\n",
    "df = df.set_index('symbol')\n",
    "\n",
    "df_corr = df_returns.corr()\n",
    "df_corr = df_corr.rename({col: col + '_corr' for col in df_corr.columns}).T\n",
    "\n",
    "df = pd.concat([df, df_corr], axis = 1)\n",
    "\n",
    "combs = [i for i in product(symbols, repeat = 2)]\n",
    "\n",
    "df_covariances = pd.DataFrame()\n",
    "for symbol in symbols:\n",
    "    covariances = []\n",
    "    for comb in combs:\n",
    "        if comb[0] == symbol:\n",
    "            std1 = df.loc[comb[0]]['std_dev']\n",
    "            std2 = df.loc[comb[1]]['std_dev']\n",
    "            corr = df.loc[comb[0], comb[1] + '_corr']\n",
    "            cov = std1 * std2 * corr\n",
    "            covariances.append(cov)\n",
    "    df_covariances[symbol] = covariances\n",
    "\n",
    "df_covariances = df_covariances.T.rename(columns = {i: symbol + '_cov' for i, symbol in zip(np.arange(0, 11, 1), symbols)})\n",
    "\n",
    "df = pd.concat([df, df_covariances], axis = 1)"
   ]
  },
  {
   "cell_type": "code",
   "execution_count": 492,
   "id": "427cc59f-250e-4aaa-8231-507afa3df111",
   "metadata": {},
   "outputs": [
    {
     "data": {
      "text/html": [
       "<div>\n",
       "<style scoped>\n",
       "    .dataframe tbody tr th:only-of-type {\n",
       "        vertical-align: middle;\n",
       "    }\n",
       "\n",
       "    .dataframe tbody tr th {\n",
       "        vertical-align: top;\n",
       "    }\n",
       "\n",
       "    .dataframe thead th {\n",
       "        text-align: right;\n",
       "    }\n",
       "</style>\n",
       "<table border=\"1\" class=\"dataframe\">\n",
       "  <thead>\n",
       "    <tr style=\"text-align: right;\">\n",
       "      <th></th>\n",
       "      <th>exp_return</th>\n",
       "      <th>std_dev</th>\n",
       "      <th>XLC_corr</th>\n",
       "      <th>XLY_corr</th>\n",
       "      <th>XLP_corr</th>\n",
       "      <th>XLE_corr</th>\n",
       "      <th>XLF_corr</th>\n",
       "      <th>XLV_corr</th>\n",
       "      <th>XLI_corr</th>\n",
       "      <th>XLB_corr</th>\n",
       "      <th>XLRE_corr</th>\n",
       "      <th>XLK_corr</th>\n",
       "      <th>XLU_corr</th>\n",
       "      <th>XLC_cov</th>\n",
       "      <th>XLY_cov</th>\n",
       "      <th>XLP_cov</th>\n",
       "      <th>XLE_cov</th>\n",
       "      <th>XLF_cov</th>\n",
       "      <th>XLV_cov</th>\n",
       "      <th>XLI_cov</th>\n",
       "      <th>XLB_cov</th>\n",
       "      <th>XLRE_cov</th>\n",
       "      <th>XLK_cov</th>\n",
       "      <th>XLU_cov</th>\n",
       "    </tr>\n",
       "  </thead>\n",
       "  <tbody>\n",
       "    <tr>\n",
       "      <th>XLC</th>\n",
       "      <td>0.153937</td>\n",
       "      <td>0.239113</td>\n",
       "      <td>1.000000</td>\n",
       "      <td>0.867303</td>\n",
       "      <td>0.526211</td>\n",
       "      <td>-0.338174</td>\n",
       "      <td>0.407727</td>\n",
       "      <td>0.538545</td>\n",
       "      <td>0.708741</td>\n",
       "      <td>0.793462</td>\n",
       "      <td>0.439628</td>\n",
       "      <td>0.907765</td>\n",
       "      <td>0.028080</td>\n",
       "      <td>0.057175</td>\n",
       "      <td>0.029612</td>\n",
       "      <td>0.009719</td>\n",
       "      <td>-0.025698</td>\n",
       "      <td>0.022369</td>\n",
       "      <td>0.014504</td>\n",
       "      <td>0.025982</td>\n",
       "      <td>0.028249</td>\n",
       "      <td>0.020293</td>\n",
       "      <td>0.039363</td>\n",
       "      <td>0.000798</td>\n",
       "    </tr>\n",
       "    <tr>\n",
       "      <th>XLY</th>\n",
       "      <td>0.156998</td>\n",
       "      <td>0.142789</td>\n",
       "      <td>0.867303</td>\n",
       "      <td>1.000000</td>\n",
       "      <td>0.396426</td>\n",
       "      <td>-0.046211</td>\n",
       "      <td>0.570196</td>\n",
       "      <td>0.794288</td>\n",
       "      <td>0.676836</td>\n",
       "      <td>0.564573</td>\n",
       "      <td>0.402378</td>\n",
       "      <td>0.656923</td>\n",
       "      <td>-0.075665</td>\n",
       "      <td>0.029612</td>\n",
       "      <td>0.020389</td>\n",
       "      <td>0.004372</td>\n",
       "      <td>-0.002097</td>\n",
       "      <td>0.018680</td>\n",
       "      <td>0.012775</td>\n",
       "      <td>0.014817</td>\n",
       "      <td>0.012003</td>\n",
       "      <td>0.011091</td>\n",
       "      <td>0.017011</td>\n",
       "      <td>-0.001284</td>\n",
       "    </tr>\n",
       "    <tr>\n",
       "      <th>XLP</th>\n",
       "      <td>0.113593</td>\n",
       "      <td>0.077244</td>\n",
       "      <td>0.526211</td>\n",
       "      <td>0.396426</td>\n",
       "      <td>1.000000</td>\n",
       "      <td>-0.060728</td>\n",
       "      <td>0.448782</td>\n",
       "      <td>0.465498</td>\n",
       "      <td>0.517001</td>\n",
       "      <td>0.525792</td>\n",
       "      <td>0.859273</td>\n",
       "      <td>0.292629</td>\n",
       "      <td>0.710965</td>\n",
       "      <td>0.009719</td>\n",
       "      <td>0.004372</td>\n",
       "      <td>0.005967</td>\n",
       "      <td>-0.001491</td>\n",
       "      <td>0.007954</td>\n",
       "      <td>0.004050</td>\n",
       "      <td>0.006123</td>\n",
       "      <td>0.006047</td>\n",
       "      <td>0.012813</td>\n",
       "      <td>0.004099</td>\n",
       "      <td>0.006528</td>\n",
       "    </tr>\n",
       "    <tr>\n",
       "      <th>XLE</th>\n",
       "      <td>0.111662</td>\n",
       "      <td>0.317799</td>\n",
       "      <td>-0.338174</td>\n",
       "      <td>-0.046211</td>\n",
       "      <td>-0.060728</td>\n",
       "      <td>1.000000</td>\n",
       "      <td>0.468635</td>\n",
       "      <td>0.155615</td>\n",
       "      <td>0.363630</td>\n",
       "      <td>0.344220</td>\n",
       "      <td>0.124691</td>\n",
       "      <td>-0.081035</td>\n",
       "      <td>-0.041519</td>\n",
       "      <td>-0.025698</td>\n",
       "      <td>-0.002097</td>\n",
       "      <td>-0.001491</td>\n",
       "      <td>0.100996</td>\n",
       "      <td>0.034171</td>\n",
       "      <td>0.005570</td>\n",
       "      <td>0.017717</td>\n",
       "      <td>0.016288</td>\n",
       "      <td>0.007650</td>\n",
       "      <td>-0.004670</td>\n",
       "      <td>-0.001568</td>\n",
       "    </tr>\n",
       "    <tr>\n",
       "      <th>XLF</th>\n",
       "      <td>0.143569</td>\n",
       "      <td>0.229437</td>\n",
       "      <td>0.407727</td>\n",
       "      <td>0.570196</td>\n",
       "      <td>0.448782</td>\n",
       "      <td>0.468635</td>\n",
       "      <td>1.000000</td>\n",
       "      <td>0.655293</td>\n",
       "      <td>0.881981</td>\n",
       "      <td>0.766368</td>\n",
       "      <td>0.735041</td>\n",
       "      <td>0.423145</td>\n",
       "      <td>0.345337</td>\n",
       "      <td>0.022369</td>\n",
       "      <td>0.018680</td>\n",
       "      <td>0.007954</td>\n",
       "      <td>0.034171</td>\n",
       "      <td>0.052642</td>\n",
       "      <td>0.016935</td>\n",
       "      <td>0.031025</td>\n",
       "      <td>0.026181</td>\n",
       "      <td>0.032556</td>\n",
       "      <td>0.017606</td>\n",
       "      <td>0.009418</td>\n",
       "    </tr>\n",
       "    <tr>\n",
       "      <th>XLV</th>\n",
       "      <td>0.147989</td>\n",
       "      <td>0.112635</td>\n",
       "      <td>0.538545</td>\n",
       "      <td>0.794288</td>\n",
       "      <td>0.465498</td>\n",
       "      <td>0.155615</td>\n",
       "      <td>0.655293</td>\n",
       "      <td>1.000000</td>\n",
       "      <td>0.733776</td>\n",
       "      <td>0.720974</td>\n",
       "      <td>0.364718</td>\n",
       "      <td>0.587532</td>\n",
       "      <td>0.055759</td>\n",
       "      <td>0.014504</td>\n",
       "      <td>0.012775</td>\n",
       "      <td>0.004050</td>\n",
       "      <td>0.005570</td>\n",
       "      <td>0.016935</td>\n",
       "      <td>0.012687</td>\n",
       "      <td>0.012671</td>\n",
       "      <td>0.012091</td>\n",
       "      <td>0.007930</td>\n",
       "      <td>0.012001</td>\n",
       "      <td>0.000747</td>\n",
       "    </tr>\n",
       "    <tr>\n",
       "      <th>XLI</th>\n",
       "      <td>0.139916</td>\n",
       "      <td>0.153314</td>\n",
       "      <td>0.708741</td>\n",
       "      <td>0.676836</td>\n",
       "      <td>0.517001</td>\n",
       "      <td>0.363630</td>\n",
       "      <td>0.881981</td>\n",
       "      <td>0.733776</td>\n",
       "      <td>1.000000</td>\n",
       "      <td>0.895329</td>\n",
       "      <td>0.620081</td>\n",
       "      <td>0.612437</td>\n",
       "      <td>0.237314</td>\n",
       "      <td>0.025982</td>\n",
       "      <td>0.014817</td>\n",
       "      <td>0.006123</td>\n",
       "      <td>0.017717</td>\n",
       "      <td>0.031025</td>\n",
       "      <td>0.012671</td>\n",
       "      <td>0.023505</td>\n",
       "      <td>0.020438</td>\n",
       "      <td>0.018352</td>\n",
       "      <td>0.017028</td>\n",
       "      <td>0.004325</td>\n",
       "    </tr>\n",
       "    <tr>\n",
       "      <th>XLB</th>\n",
       "      <td>0.111861</td>\n",
       "      <td>0.148895</td>\n",
       "      <td>0.793462</td>\n",
       "      <td>0.564573</td>\n",
       "      <td>0.525792</td>\n",
       "      <td>0.344220</td>\n",
       "      <td>0.766368</td>\n",
       "      <td>0.720974</td>\n",
       "      <td>0.895329</td>\n",
       "      <td>1.000000</td>\n",
       "      <td>0.555556</td>\n",
       "      <td>0.725971</td>\n",
       "      <td>0.201326</td>\n",
       "      <td>0.028249</td>\n",
       "      <td>0.012003</td>\n",
       "      <td>0.006047</td>\n",
       "      <td>0.016288</td>\n",
       "      <td>0.026181</td>\n",
       "      <td>0.012091</td>\n",
       "      <td>0.020438</td>\n",
       "      <td>0.022170</td>\n",
       "      <td>0.015969</td>\n",
       "      <td>0.019602</td>\n",
       "      <td>0.003563</td>\n",
       "    </tr>\n",
       "    <tr>\n",
       "      <th>XLRE</th>\n",
       "      <td>0.091537</td>\n",
       "      <td>0.193044</td>\n",
       "      <td>0.439628</td>\n",
       "      <td>0.402378</td>\n",
       "      <td>0.859273</td>\n",
       "      <td>0.124691</td>\n",
       "      <td>0.735041</td>\n",
       "      <td>0.364718</td>\n",
       "      <td>0.620081</td>\n",
       "      <td>0.555556</td>\n",
       "      <td>1.000000</td>\n",
       "      <td>0.248345</td>\n",
       "      <td>0.784659</td>\n",
       "      <td>0.020293</td>\n",
       "      <td>0.011091</td>\n",
       "      <td>0.012813</td>\n",
       "      <td>0.007650</td>\n",
       "      <td>0.032556</td>\n",
       "      <td>0.007930</td>\n",
       "      <td>0.018352</td>\n",
       "      <td>0.015969</td>\n",
       "      <td>0.037266</td>\n",
       "      <td>0.008694</td>\n",
       "      <td>0.018006</td>\n",
       "    </tr>\n",
       "    <tr>\n",
       "      <th>XLK</th>\n",
       "      <td>0.205261</td>\n",
       "      <td>0.181347</td>\n",
       "      <td>0.907765</td>\n",
       "      <td>0.656923</td>\n",
       "      <td>0.292629</td>\n",
       "      <td>-0.081035</td>\n",
       "      <td>0.423145</td>\n",
       "      <td>0.587532</td>\n",
       "      <td>0.612437</td>\n",
       "      <td>0.725971</td>\n",
       "      <td>0.248345</td>\n",
       "      <td>1.000000</td>\n",
       "      <td>-0.075546</td>\n",
       "      <td>0.039363</td>\n",
       "      <td>0.017011</td>\n",
       "      <td>0.004099</td>\n",
       "      <td>-0.004670</td>\n",
       "      <td>0.017606</td>\n",
       "      <td>0.012001</td>\n",
       "      <td>0.017028</td>\n",
       "      <td>0.019602</td>\n",
       "      <td>0.008694</td>\n",
       "      <td>0.032887</td>\n",
       "      <td>-0.001629</td>\n",
       "    </tr>\n",
       "    <tr>\n",
       "      <th>XLU</th>\n",
       "      <td>0.111975</td>\n",
       "      <td>0.118870</td>\n",
       "      <td>0.028080</td>\n",
       "      <td>-0.075665</td>\n",
       "      <td>0.710965</td>\n",
       "      <td>-0.041519</td>\n",
       "      <td>0.345337</td>\n",
       "      <td>0.055759</td>\n",
       "      <td>0.237314</td>\n",
       "      <td>0.201326</td>\n",
       "      <td>0.784659</td>\n",
       "      <td>-0.075546</td>\n",
       "      <td>1.000000</td>\n",
       "      <td>0.000798</td>\n",
       "      <td>-0.001284</td>\n",
       "      <td>0.006528</td>\n",
       "      <td>-0.001568</td>\n",
       "      <td>0.009418</td>\n",
       "      <td>0.000747</td>\n",
       "      <td>0.004325</td>\n",
       "      <td>0.003563</td>\n",
       "      <td>0.018006</td>\n",
       "      <td>-0.001629</td>\n",
       "      <td>0.014130</td>\n",
       "    </tr>\n",
       "  </tbody>\n",
       "</table>\n",
       "</div>"
      ],
      "text/plain": [
       "      exp_return   std_dev  XLC_corr  XLY_corr  XLP_corr  XLE_corr  XLF_corr  \\\n",
       "XLC     0.153937  0.239113  1.000000  0.867303  0.526211 -0.338174  0.407727   \n",
       "XLY     0.156998  0.142789  0.867303  1.000000  0.396426 -0.046211  0.570196   \n",
       "XLP     0.113593  0.077244  0.526211  0.396426  1.000000 -0.060728  0.448782   \n",
       "XLE     0.111662  0.317799 -0.338174 -0.046211 -0.060728  1.000000  0.468635   \n",
       "XLF     0.143569  0.229437  0.407727  0.570196  0.448782  0.468635  1.000000   \n",
       "XLV     0.147989  0.112635  0.538545  0.794288  0.465498  0.155615  0.655293   \n",
       "XLI     0.139916  0.153314  0.708741  0.676836  0.517001  0.363630  0.881981   \n",
       "XLB     0.111861  0.148895  0.793462  0.564573  0.525792  0.344220  0.766368   \n",
       "XLRE    0.091537  0.193044  0.439628  0.402378  0.859273  0.124691  0.735041   \n",
       "XLK     0.205261  0.181347  0.907765  0.656923  0.292629 -0.081035  0.423145   \n",
       "XLU     0.111975  0.118870  0.028080 -0.075665  0.710965 -0.041519  0.345337   \n",
       "\n",
       "      XLV_corr  XLI_corr  XLB_corr  XLRE_corr  XLK_corr  XLU_corr   XLC_cov  \\\n",
       "XLC   0.538545  0.708741  0.793462   0.439628  0.907765  0.028080  0.057175   \n",
       "XLY   0.794288  0.676836  0.564573   0.402378  0.656923 -0.075665  0.029612   \n",
       "XLP   0.465498  0.517001  0.525792   0.859273  0.292629  0.710965  0.009719   \n",
       "XLE   0.155615  0.363630  0.344220   0.124691 -0.081035 -0.041519 -0.025698   \n",
       "XLF   0.655293  0.881981  0.766368   0.735041  0.423145  0.345337  0.022369   \n",
       "XLV   1.000000  0.733776  0.720974   0.364718  0.587532  0.055759  0.014504   \n",
       "XLI   0.733776  1.000000  0.895329   0.620081  0.612437  0.237314  0.025982   \n",
       "XLB   0.720974  0.895329  1.000000   0.555556  0.725971  0.201326  0.028249   \n",
       "XLRE  0.364718  0.620081  0.555556   1.000000  0.248345  0.784659  0.020293   \n",
       "XLK   0.587532  0.612437  0.725971   0.248345  1.000000 -0.075546  0.039363   \n",
       "XLU   0.055759  0.237314  0.201326   0.784659 -0.075546  1.000000  0.000798   \n",
       "\n",
       "       XLY_cov   XLP_cov   XLE_cov   XLF_cov   XLV_cov   XLI_cov   XLB_cov  \\\n",
       "XLC   0.029612  0.009719 -0.025698  0.022369  0.014504  0.025982  0.028249   \n",
       "XLY   0.020389  0.004372 -0.002097  0.018680  0.012775  0.014817  0.012003   \n",
       "XLP   0.004372  0.005967 -0.001491  0.007954  0.004050  0.006123  0.006047   \n",
       "XLE  -0.002097 -0.001491  0.100996  0.034171  0.005570  0.017717  0.016288   \n",
       "XLF   0.018680  0.007954  0.034171  0.052642  0.016935  0.031025  0.026181   \n",
       "XLV   0.012775  0.004050  0.005570  0.016935  0.012687  0.012671  0.012091   \n",
       "XLI   0.014817  0.006123  0.017717  0.031025  0.012671  0.023505  0.020438   \n",
       "XLB   0.012003  0.006047  0.016288  0.026181  0.012091  0.020438  0.022170   \n",
       "XLRE  0.011091  0.012813  0.007650  0.032556  0.007930  0.018352  0.015969   \n",
       "XLK   0.017011  0.004099 -0.004670  0.017606  0.012001  0.017028  0.019602   \n",
       "XLU  -0.001284  0.006528 -0.001568  0.009418  0.000747  0.004325  0.003563   \n",
       "\n",
       "      XLRE_cov   XLK_cov   XLU_cov  \n",
       "XLC   0.020293  0.039363  0.000798  \n",
       "XLY   0.011091  0.017011 -0.001284  \n",
       "XLP   0.012813  0.004099  0.006528  \n",
       "XLE   0.007650 -0.004670 -0.001568  \n",
       "XLF   0.032556  0.017606  0.009418  \n",
       "XLV   0.007930  0.012001  0.000747  \n",
       "XLI   0.018352  0.017028  0.004325  \n",
       "XLB   0.015969  0.019602  0.003563  \n",
       "XLRE  0.037266  0.008694  0.018006  \n",
       "XLK   0.008694  0.032887 -0.001629  \n",
       "XLU   0.018006 -0.001629  0.014130  "
      ]
     },
     "execution_count": 492,
     "metadata": {},
     "output_type": "execute_result"
    }
   ],
   "source": [
    "df"
   ]
  },
  {
   "cell_type": "code",
   "execution_count": null,
   "id": "8a69fec3-aa9d-4c00-86d6-6e99de8f26fb",
   "metadata": {},
   "outputs": [],
   "source": []
  },
  {
   "cell_type": "code",
   "execution_count": 480,
   "id": "0398138d-62d5-4720-ab33-dc81256b6414",
   "metadata": {},
   "outputs": [],
   "source": []
  },
  {
   "cell_type": "code",
   "execution_count": null,
   "id": "be2aff15-be8e-43f8-ba10-75d1c72db5f9",
   "metadata": {},
   "outputs": [],
   "source": []
  },
  {
   "cell_type": "code",
   "execution_count": null,
   "id": "47f674dc-4a32-4344-b513-84b672e4704e",
   "metadata": {},
   "outputs": [],
   "source": []
  },
  {
   "cell_type": "code",
   "execution_count": null,
   "id": "3e7224e1-aab0-480a-b7d7-96577fc94ceb",
   "metadata": {},
   "outputs": [],
   "source": []
  },
  {
   "cell_type": "code",
   "execution_count": null,
   "id": "e6f149e8-8c34-49e1-9650-c4737cb4e203",
   "metadata": {},
   "outputs": [],
   "source": []
  },
  {
   "cell_type": "code",
   "execution_count": null,
   "id": "57a25273-3333-4e3d-b7e0-67fb1aa19c37",
   "metadata": {},
   "outputs": [],
   "source": []
  },
  {
   "cell_type": "code",
   "execution_count": null,
   "id": "219bb6ff-ca27-474b-80e7-dfa58f63e73f",
   "metadata": {},
   "outputs": [],
   "source": []
  },
  {
   "cell_type": "code",
   "execution_count": null,
   "id": "34e3ec6e-0be7-4dfd-9d5f-fc55a241921b",
   "metadata": {},
   "outputs": [],
   "source": []
  },
  {
   "cell_type": "code",
   "execution_count": null,
   "id": "bd2bcac8-ca88-4af0-9b29-b06357a7a03b",
   "metadata": {},
   "outputs": [],
   "source": []
  },
  {
   "cell_type": "markdown",
   "id": "ccf22d43-a565-4f85-8612-3f16d731bdf6",
   "metadata": {},
   "source": [
    "### "
   ]
  }
 ],
 "metadata": {
  "kernelspec": {
   "display_name": "Python 3 (ipykernel)",
   "language": "python",
   "name": "python3"
  },
  "language_info": {
   "codemirror_mode": {
    "name": "ipython",
    "version": 3
   },
   "file_extension": ".py",
   "mimetype": "text/x-python",
   "name": "python",
   "nbconvert_exporter": "python",
   "pygments_lexer": "ipython3",
   "version": "3.12.3"
  }
 },
 "nbformat": 4,
 "nbformat_minor": 5
}
